iteration 1 2.340370037356804 2.5341702140023417
iteration 2 1.9505766371086046 2.1016008502172006
iteration 3 1.9524483810014424 2.0945469475248073
iteration 4 1.9528379344778126 2.0930014040440694
iteration 5 1.9529232901553102 2.0926627204076063
iteration 6 1.9529424773968753 2.0925882495532324
iteration 7 1.9529469427409487 2.092571750466667
iteration 8 1.9529480474228558 2.0925680371884927
iteration 9 1.9529483492404913 2.092567174802319
iteration 10 1.9529484434613944 2.092566962421006
iteration 11 1.9529484772669654 2.092566904801532
